0 11.12
0.71 10.9
1.48 10.7
1.96 10.6
4.03 10.3
6.18 10.1
11.06 9.8
13.18 9.7
18.12 9.5
20.85 9.4
26.58 9.2
29.41 9.1
37.02 8.8
40.94 8.6
42.53 8.5
45.01 8.3
45.95 8.2
47.89 7.9
48.31 7.8
48.65 7.7
49.31 7.4
49.45 7.3
49.56 7.2
49.72 7.0
49.78 6.9
49.83 6.8
49.89 6.6
49.91 6.5
49.93 6.4
49.95 6.3
49.97 6.1
49.98 5.9
49.99 5.7
50.00 5.4
50.01 5
50.02 4.7
50.03 4.5
50.04 4.4
50.06 4.2
50.08 4.1
50.1 4
50.13 3.9
50.16 3.8
50.2 3.7
50.25 3.6
50.32 3.5
50.4 3.4
50.63 3.2
50.8 3.1
51.01 3
51.27 2.9
51.61 2.8
52.04 2.7
52.58 2.6
53.27 2.5
54.15 2.4
55.28 2.3
56.73 2.2
58.63 2.1
61.11 2
